                  X            StrainVsStress 

                0.                 0.         
                2.E-03             5.998E+03  
                4.E-03            11.996E+03  
                7.E-03            20.9932E+03 
               11.5E-03           34.4898E+03 
               18.25E-03          54.7374E+03 
               28.375E-03         85.1191E+03 
               43.5625E-03       130.727E+03  
               66.3438E-03       199.261E+03  
              100.516E-03        302.459E+03  
              150.516E-03        454.265E+03  
              200.516E-03        607.889E+03  
              250.516E-03        763.593E+03  
              300.516E-03        921.708E+03  
              350.516E-03          1.08252E+06
              400.516E-03          1.24714E+06
              450.516E-03          1.41315E+06
              500.516E-03          1.58432E+06
              550.516E-03          1.75706E+06
              600.516E-03          1.93539E+06
              650.516E-03          2.11647E+06
              700.516E-03          2.30138E+06
              750.516E-03          2.49022E+06
              800.516E-03          2.68307E+06
              850.516E-03          2.88001E+06
              900.516E-03          3.08111E+06
              950.516E-03          3.28641E+06
                1.00052            3.49597E+06
                1.05052            3.70984E+06
                1.10052            3.92806E+06
                1.15052            4.15067E+06
                1.20052            4.3777E+06 
                1.25052            4.60917E+06
                1.30052            4.84512E+06
                1.35052            5.08558E+06
                1.40052            5.33055E+06
                1.45052            5.58007E+06
                1.50052            5.83415E+06
                1.55052            6.0928E+06 
                1.60052            6.35605E+06
                1.65052            6.6239E+06 
                1.70052            6.89636E+06
                1.75052            7.17346E+06
                1.80052            7.45518E+06
                1.85052            7.74155E+06
                1.90052            8.03257E+06
                1.95052            8.32824E+06
                2.                 8.62544E+06
                2.                 8.62544E+06
                2.                 8.62422E+06
                2.                 8.62423E+06
                2.                 8.62422E+06
                2.                 8.62422E+06
                2.                 8.62422E+06
                2.                 8.62422E+06
                2.                 8.62422E+06
                2.                 8.62422E+06
                2.                 8.62422E+06
                2.                 8.62422E+06
                2.                 8.62422E+06
                2.                 8.62422E+06
                2.                 8.62422E+06
                2.                 8.62422E+06
                2.                 8.62422E+06
                2.                 8.62422E+06
                2.                 8.62422E+06
                2.                 8.62422E+06
                2.                 8.62422E+06
                2.                 8.62422E+06
                2.                 8.62422E+06
                2.                 8.62422E+06
                2.                 8.62422E+06
                2.                 8.62422E+06
                2.                 8.62422E+06
                2.                 8.62422E+06
                2.                 8.62422E+06
                2.                 8.62422E+06
                2.                 8.62422E+06
                2.                 8.62422E+06
                2.                 8.62422E+06
                2.                 8.62422E+06
                2.                 8.62422E+06
                2.                 8.62422E+06
                2.                 8.62422E+06
                2.                 8.62422E+06
                2.                 8.62422E+06
                2.                 8.62422E+06
                2.                 8.62422E+06
                2.                 8.62422E+06
                2.                 8.62422E+06
                2.                 8.62422E+06
                2.                 8.62422E+06
                2.                 8.62422E+06
                2.                 8.62422E+06
                2.                 8.62422E+06
                2.                 8.62422E+06
                2.                 8.62422E+06
                2.                 8.62422E+06
                2.                 8.62422E+06
                2.                 8.62422E+06
                2.                 8.62422E+06
                2.                 8.62422E+06
                2.                 8.62422E+06
                2.                 8.62422E+06
                2.                 8.62422E+06
                2.                 8.62422E+06
                2.                 8.62422E+06
                2.                 8.62422E+06
                2.                 8.62422E+06
                1.99998            8.62409E+06
                1.99997            8.62396E+06
                1.99994            8.62376E+06
                1.99991            8.62346E+06
                1.99985            8.62302E+06
                1.99977            8.62235E+06
                1.99965            8.62134E+06
                1.99946            8.61984E+06
                1.99919            8.61758E+06
                1.99878            8.61419E+06
                1.99816            8.60911E+06
                1.99723            8.6015E+06 
                1.99583            8.59008E+06
                1.99374            8.57297E+06
                1.99061            8.54735E+06
                1.98592            8.50899E+06
                1.97889            8.45165E+06
                1.96839            8.36604E+06
                1.95269            8.23858E+06
                1.93684            8.11029E+06
                1.92108            7.98311E+06
                1.9054             7.85705E+06
                1.88981            7.7321E+06 
                1.8743             7.60826E+06
                1.85887            7.48553E+06
                1.84353            7.36388E+06
                1.82828            7.24333E+06
                1.81311            7.12387E+06
                1.79803            7.00548E+06
                1.78304            6.88816E+06
                1.76813            6.77191E+06
                1.75331            6.65671E+06
                1.73858            6.54257E+06
                1.72394            6.42947E+06
                1.70939            6.31741E+06
                1.69493            6.20638E+06
                1.68055            6.09638E+06
                1.66627            5.9874E+06 
                1.65207            5.87942E+06
                1.63797            5.77245E+06
                1.62395            5.66648E+06
                1.61003            5.56149E+06
                1.59619            5.45749E+06
                1.58245            5.35447E+06
                1.56879            5.25241E+06
                1.55523            5.15131E+06
                1.54176            5.05116E+06
                1.52837            4.95196E+06
                1.51508            4.85369E+06
                1.50188            4.75636E+06
                1.48877            4.65995E+06
                1.47576            4.56445E+06
                1.46283            4.46986E+06
                1.44999            4.37617E+06
                1.43725            4.28338E+06
                1.42459            4.19146E+06
                1.41203            4.10042E+06
                1.39956            4.01026E+06
                1.38717            3.92095E+06
                1.37488            3.83249E+06
                1.36268            3.74488E+06
                1.35057            3.6581E+06 
                1.33855            3.57216E+06
                1.32662            3.48703E+06
                1.31478            3.40272E+06
                1.30302            3.31921E+06
                1.29136            3.23651E+06
                1.27979            3.15459E+06
                1.2683             3.07345E+06
                1.2569             2.99308E+06
                1.24559            2.91349E+06
                1.23437            2.83465E+06
                1.22324            2.75656E+06
                1.21219            2.67921E+06
                1.20123            2.60259E+06
                1.19036            2.52671E+06
                1.17957            2.45154E+06
                1.16887            2.37708E+06
                1.15826            2.30333E+06
                1.14773            2.23027E+06
                1.13728            2.15791E+06
                1.12692            2.08622E+06
                1.11664            2.0152E+06 
                1.10645            1.94485E+06
                1.09634            1.87516E+06
                1.08631            1.80612E+06
                1.07636            1.73772E+06
                1.0665             1.66996E+06
                1.05671            1.60283E+06
                1.04701            1.53631E+06
                1.03739            1.47042E+06
                1.02784            1.40512E+06
                1.01838            1.34043E+06
                1.009              1.27633E+06
              999.688E-03          1.21282E+06
              990.459E-03          1.14988E+06
              981.307E-03          1.08751E+06
              972.232E-03          1.02571E+06
              963.233E-03        964.472E+03  
              954.31E-03         903.78E+03   
              945.461E-03        843.633E+03  
              936.687E-03        784.024E+03  
              927.987E-03        724.946E+03  
              919.361E-03        666.392E+03  
              910.807E-03        608.357E+03  
              902.326E-03        550.833E+03  
              893.917E-03        493.814E+03  
              885.578E-03        437.295E+03  
              877.31E-03         381.269E+03  
              869.113E-03        325.729E+03  
              860.985E-03        270.67E+03   
              852.926E-03        216.086E+03  
              844.935E-03        161.97E+03   
              837.012E-03        108.317E+03  
              829.157E-03         55.1211E+03 
              821.368E-03          2.37628E+03
              821.017E-03          1.67366E-03
              821.017E-03          1.67366E-03
              820.982E-03        746.341E-06  
              820.947E-03        242.917E-12  
              820.895E-03        -29.3716E-12 
              820.817E-03       -262.16E-12   
              820.7E-03          668.745E-12  
              820.525E-03        436.345E-12  
              820.261E-03          2.5313E-09 
              819.866E-03          5.71084E-09
              819.274E-03         29.6423E-09 
              818.384E-03        142.08E-09   
              817.051E-03        718.043E-09  
              815.05E-03           3.60101E-06
              812.048E-03         18.0207E-06 
              807.544E-03         89.6626E-06 
              800.785E-03        442.095E-06  
              790.641E-03          2.14892E-03
              775.418E-03         10.2086E-03 
              752.577E-03         46.6739E-03 
              718.337E-03        199.288E-03  
              684.272E-03       -205.913E-03  
              650.98E-03        -228.289E-03  
              618.51E-03        -229.425E-03  
              586.905E-03       -222.908E-03  
              556.205E-03       -209.791E-03  
              526.441E-03       -191.163E-03  
              497.641E-03       -168.103E-03  
              469.828E-03       -141.654E-03  
              443.018E-03       -112.818E-03  
              417.224E-03        -82.542E-03  
              392.454E-03        -51.7072E-03 
              368.71E-03         -21.1198E-03 
              345.992E-03          8.49804E-03
              324.294E-03         36.5168E-03 
              303.609E-03         62.406E-03  
              283.923E-03         85.7392E-03 
              265.221E-03        106.196E-03  
              247.484E-03        123.564E-03  
              230.691E-03        137.73E-03   
              214.819E-03        148.683E-03  
              199.841E-03        156.497E-03  
              185.73E-03         161.325E-03  
              172.456E-03        163.383E-03  
              159.988E-03        162.94E-03   
              148.295E-03        160.296E-03  
              137.345E-03        155.777E-03  
              127.103E-03        149.713E-03  
              117.538E-03        142.432E-03  
              108.616E-03        134.244E-03  
              100.304E-03        125.439E-03  
               92.5683E-03       116.278E-03  
               85.3782E-03       106.987E-03  
               78.7019E-03        97.76E-03   
               72.509E-03         88.7548E-03 
               66.7699E-03        80.0968E-03 
               61.4561E-03        71.8801E-03 
               56.5403E-03        64.171E-03  
               51.9963E-03        57.0113E-03 
               47.7991E-03        50.422E-03  
               43.925E-03         44.4073E-03 
               40.3515E-03        38.9576E-03 
               37.0572E-03        34.0528E-03 
               34.022E-03         29.6655E-03 
               31.2272E-03        25.7629E-03 
               28.6548E-03        22.309E-03  
               26.2883E-03        19.2665E-03 
               24.1122E-03        16.5978E-03 
               22.1118E-03        14.2659E-03 
               20.2738E-03        12.2358E-03 
               18.5854E-03        10.4741E-03 
               17.0351E-03         8.94982E-03
               15.6118E-03         7.6347E-03 
               14.3056E-03         6.50286E-03
               13.1072E-03         5.53101E-03
               12.0078E-03         4.69829E-03
               10.9995E-03         3.98617E-03
               10.0749E-03         3.37827E-03
                9.22723E-03        2.86019E-03
                8.45024E-03        2.41931E-03
                7.73811E-03        2.04464E-03
                7.08552E-03        1.72665E-03
                6.48758E-03        1.45706E-03
                5.93976E-03        1.22875E-03
                5.43792E-03        1.03558E-03
                4.97825E-03      872.303E-06  
                4.55724E-03      734.39E-06   
                4.17167E-03      617.994E-06  
                3.81858E-03      519.822E-06  
                3.49526E-03      437.074E-06  
                3.19922E-03      367.366E-06  
                2.92817E-03      308.673E-06  
                2.68002E-03      259.279E-06  
                2.45284E-03      217.728E-06  
                2.24487E-03      182.791E-06  
                2.05449E-03      153.423E-06  
                1.88022E-03      128.746E-06  
                1.72071E-03      108.018E-06  
                1.57471E-03       90.6102E-06 
                1.44107E-03       75.9955E-06 
                1.31876E-03       63.7287E-06 
                1.20682E-03       53.4344E-06 
                1.10436E-03       44.7975E-06 
                1.0106E-03        37.5526E-06 
              924.786E-06         31.4754E-06 
              846.253E-06         26.3796E-06 
              774.384E-06         22.1066E-06 
              708.613E-06         18.5241E-06 
              648.425E-06         15.5215E-06 
              593.345E-06         13.0046E-06 
              542.941E-06         10.8949E-06 
              496.817E-06          9.12732E-06
              454.609E-06          7.64575E-06
              415.985E-06          6.40465E-06
              380.641E-06          5.3646E-06 
              348.299E-06          4.49344E-06
              318.704E-06          3.76323E-06
              291.623E-06          3.1519E-06 
              290.503E-06          5.93969E-09